0 1 <epsilon> 0.000000
1 2 t 1.646200
2 3 h 0.000000
3 4 e 0.000000
4 439 <epsilon> 0.000000
0 5 <epsilon> 0.000000
5 6 b 2.339400
6 7 e 0.000000
7 439 <epsilon> 0.000000
0 8 <epsilon> 0.000000
8 9 t 2.744800
9 10 o 0.000000
10 439 <epsilon> 0.000000
0 11 <epsilon> 0.000000
11 12 o 3.032500
12 13 f 0.000000
13 439 <epsilon> 0.000000
0 14 <epsilon> 0.000000
14 15 a 3.255700
15 16 n 0.000000
16 17 d 0.000000
17 439 <epsilon> 0.000000
0 18 <epsilon> 0.000000
18 19 a 3.438000
19 439 <epsilon> 0.000000
0 20 <epsilon> 0.000000
20 21 i 3.592100
21 22 n 0.000000
22 439 <epsilon> 0.000000
0 23 <epsilon> 0.000000
23 24 t 3.725700
24 25 h 0.000000
25 26 a 0.000000
26 27 t 0.000000
27 439 <epsilon> 0.000000
0 28 <epsilon> 0.000000
28 29 h 3.843500
29 30 a 0.000000
30 31 v 0.000000
31 32 e 0.000000
32 439 <epsilon> 0.000000
0 33 <epsilon> 0.000000
33 34 i 3.948800
34 439 <epsilon> 0.000000
0 35 <epsilon> 0.000000
35 36 i 4.044100
36 37 t 0.000000
37 439 <epsilon> 0.000000
0 38 <epsilon> 0.000000
38 39 f 4.131100
39 40 o 0.000000
40 41 r 0.000000
41 439 <epsilon> 0.000000
0 42 <epsilon> 0.000000
42 43 n 4.211200
43 44 o 0.000000
44 45 t 0.000000
45 439 <epsilon> 0.000000
0 46 <epsilon> 0.000000
46 47 o 4.285300
47 48 n 0.000000
48 439 <epsilon> 0.000000
0 49 <epsilon> 0.000000
49 50 w 4.354300
50 51 i 0.000000
51 52 t 0.000000
52 53 h 0.000000
53 439 <epsilon> 0.000000
0 54 <epsilon> 0.000000
54 55 h 4.418800
55 56 e 0.000000
56 439 <epsilon> 0.000000
0 57 <epsilon> 0.000000
57 58 a 4.479400
58 59 s 0.000000
59 439 <epsilon> 0.000000
0 60 <epsilon> 0.000000
60 61 y 4.536600
61 62 o 0.000000
62 63 u 0.000000
63 439 <epsilon> 0.000000
0 64 <epsilon> 0.000000
64 65 d 4.590700
65 66 o 0.000000
66 439 <epsilon> 0.000000
0 67 <epsilon> 0.000000
67 68 a 4.642000
68 69 t 0.000000
69 439 <epsilon> 0.000000
0 70 <epsilon> 0.000000
70 71 t 4.690800
71 72 h 0.000000
72 73 i 0.000000
73 74 s 0.000000
74 439 <epsilon> 0.000000
0 75 <epsilon> 0.000000
75 76 b 4.737300
76 77 u 0.000000
77 78 t 0.000000
78 439 <epsilon> 0.000000
0 79 <epsilon> 0.000000
79 80 h 4.781700
80 81 i 0.000000
81 82 s 0.000000
82 439 <epsilon> 0.000000
0 83 <epsilon> 0.000000
83 84 b 4.824300
84 85 y 0.000000
85 439 <epsilon> 0.000000
0 86 <epsilon> 0.000000
86 87 f 4.865100
87 88 r 0.000000
88 89 o 0.000000
89 90 m 0.000000
90 439 <epsilon> 0.000000
0 91 <epsilon> 0.000000
91 92 t 4.904300
92 93 h 0.000000
93 94 e 0.000000
94 95 y 0.000000
95 439 <epsilon> 0.000000
0 96 <epsilon> 0.000000
96 97 w 4.942100
97 98 e 0.000000
98 439 <epsilon> 0.000000
0 99 <epsilon> 0.000000
99 100 s 4.978400
100 101 a 0.000000
101 102 y 0.000000
102 439 <epsilon> 0.000000
0 103 <epsilon> 0.000000
103 104 h 5.013500
104 105 e 0.000000
105 106 r 0.000000
106 439 <epsilon> 0.000000
0 107 <epsilon> 0.000000
107 108 s 5.047400
108 109 h 0.000000
109 110 e 0.000000
110 439 <epsilon> 0.000000
0 111 <epsilon> 0.000000
111 112 o 5.080200
112 113 r 0.000000
113 439 <epsilon> 0.000000
0 114 <epsilon> 0.000000
114 115 a 5.112000
115 116 n 0.000000
116 439 <epsilon> 0.000000
0 117 <epsilon> 0.000000
117 118 w 5.142700
118 119 i 0.000000
119 120 l 0.000000
120 121 l 0.000000
121 439 <epsilon> 0.000000
0 122 <epsilon> 0.000000
122 123 m 5.172600
123 124 y 0.000000
124 439 <epsilon> 0.000000
0 125 <epsilon> 0.000000
125 126 o 5.201600
126 127 n 0.000000
127 128 e 0.000000
128 439 <epsilon> 0.000000
0 129 <epsilon> 0.000000
129 130 a 5.229700
130 131 l 0.000000
131 132 l 0.000000
132 439 <epsilon> 0.000000
0 133 <epsilon> 0.000000
133 134 w 5.257100
134 135 o 0.000000
135 136 u 0.000000
136 137 l 0.000000
137 138 d 0.000000
138 439 <epsilon> 0.000000
0 139 <epsilon> 0.000000
139 140 t 5.283800
140 141 h 0.000000
141 142 e 0.000000
142 143 r 0.000000
143 144 e 0.000000
144 439 <epsilon> 0.000000
0 145 <epsilon> 0.000000
145 146 t 5.309800
146 147 h 0.000000
147 148 e 0.000000
148 149 i 0.000000
149 150 r 0.000000
150 439 <epsilon> 0.000000
0 151 <epsilon> 0.000000
151 152 w 5.335100
152 153 h 0.000000
153 154 a 0.000000
154 155 t 0.000000
155 439 <epsilon> 0.000000
0 156 <epsilon> 0.000000
156 157 s 5.359800
157 158 o 0.000000
158 439 <epsilon> 0.000000
0 159 <epsilon> 0.000000
159 160 u 5.383900
160 161 p 0.000000
161 439 <epsilon> 0.000000
0 162 <epsilon> 0.000000
162 163 o 5.407400
163 164 u 0.000000
164 165 t 0.000000
165 439 <epsilon> 0.000000
0 166 <epsilon> 0.000000
166 167 i 5.430400
167 168 f 0.000000
168 439 <epsilon> 0.000000
0 169 <epsilon> 0.000000
169 170 a 5.452900
170 171 b 0.000000
171 172 o 0.000000
172 173 u 0.000000
173 174 t 0.000000
174 439 <epsilon> 0.000000
0 175 <epsilon> 0.000000
175 176 w 5.474900
176 177 h 0.000000
177 178 o 0.000000
178 439 <epsilon> 0.000000
0 179 <epsilon> 0.000000
179 180 g 5.496400
180 181 e 0.000000
181 182 t 0.000000
182 439 <epsilon> 0.000000
0 183 <epsilon> 0.000000
183 184 w 5.517400
184 185 h 0.000000
185 186 i 0.000000
186 187 c 0.000000
187 188 h 0.000000
188 439 <epsilon> 0.000000
0 189 <epsilon> 0.000000
189 190 g 5.538000
190 191 o 0.000000
191 439 <epsilon> 0.000000
0 192 <epsilon> 0.000000
192 193 m 5.558300
193 194 e 0.000000
194 439 <epsilon> 0.000000
0 195 <epsilon> 0.000000
195 196 w 5.578100
196 197 h 0.000000
197 198 e 0.000000
198 199 n 0.000000
199 439 <epsilon> 0.000000
0 200 <epsilon> 0.000000
200 201 m 5.597500
201 202 a 0.000000
202 203 k 0.000000
203 204 e 0.000000
204 439 <epsilon> 0.000000
0 205 <epsilon> 0.000000
205 206 c 5.616500
206 207 a 0.000000
207 208 n 0.000000
208 439 <epsilon> 0.000000
0 209 <epsilon> 0.000000
209 210 l 5.635200
210 211 i 0.000000
211 212 k 0.000000
212 213 e 0.000000
213 439 <epsilon> 0.000000
0 214 <epsilon> 0.000000
214 215 t 5.653600
215 216 i 0.000000
216 217 m 0.000000
217 218 e 0.000000
218 439 <epsilon> 0.000000
0 219 <epsilon> 0.000000
219 220 n 5.671600
220 221 o 0.000000
221 439 <epsilon> 0.000000
0 222 <epsilon> 0.000000
222 223 j 5.689300
223 224 u 0.000000
224 225 s 0.000000
225 226 t 0.000000
226 439 <epsilon> 0.000000
0 227 <epsilon> 0.000000
227 228 h 5.706700
228 229 i 0.000000
229 230 m 0.000000
230 439 <epsilon> 0.000000
0 231 <epsilon> 0.000000
231 232 k 5.723800
232 233 n 0.000000
233 234 o 0.000000
234 235 w 0.000000
235 439 <epsilon> 0.000000
0 236 <epsilon> 0.000000
236 237 t 5.740600
237 238 a 0.000000
238 239 k 0.000000
239 240 e 0.000000
240 439 <epsilon> 0.000000
0 241 <epsilon> 0.000000
241 242 p 5.757100
242 243 e 0.000000
243 244 o 0.000000
244 245 p 0.000000
245 246 l 0.000000
246 247 e 0.000000
247 439 <epsilon> 0.000000
0 248 <epsilon> 0.000000
248 249 i 5.773400
249 250 n 0.000000
250 251 t 0.000000
251 252 o 0.000000
252 439 <epsilon> 0.000000
0 253 <epsilon> 0.000000
253 254 y 5.789400
254 255 e 0.000000
255 256 a 0.000000
256 257 r 0.000000
257 439 <epsilon> 0.000000
0 258 <epsilon> 0.000000
258 259 y 5.805100
259 260 o 0.000000
260 261 u 0.000000
261 262 r 0.000000
262 439 <epsilon> 0.000000
0 263 <epsilon> 0.000000
263 264 g 5.820600
264 265 o 0.000000
265 266 o 0.000000
266 267 d 0.000000
267 439 <epsilon> 0.000000
0 268 <epsilon> 0.000000
268 269 s 5.835900
269 270 o 0.000000
270 271 m 0.000000
271 272 e 0.000000
272 439 <epsilon> 0.000000
0 273 <epsilon> 0.000000
273 274 c 5.850900
274 275 o 0.000000
275 276 u 0.000000
276 277 l 0.000000
277 278 d 0.000000
278 439 <epsilon> 0.000000
0 279 <epsilon> 0.000000
279 280 t 5.865700
280 281 h 0.000000
281 282 e 0.000000
282 283 m 0.000000
283 439 <epsilon> 0.000000
0 284 <epsilon> 0.000000
284 285 s 5.880300
285 286 e 0.000000
286 287 e 0.000000
287 439 <epsilon> 0.000000
0 288 <epsilon> 0.000000
288 289 o 5.894700
289 290 t 0.000000
290 291 h 0.000000
291 292 e 0.000000
292 293 r 0.000000
293 439 <epsilon> 0.000000
0 294 <epsilon> 0.000000
294 295 t 5.908900
295 296 h 0.000000
296 297 a 0.000000
297 298 n 0.000000
298 439 <epsilon> 0.000000
0 299 <epsilon> 0.000000
299 300 t 5.922900
300 301 h 0.000000
301 302 e 0.000000
302 303 n 0.000000
303 439 <epsilon> 0.000000
0 304 <epsilon> 0.000000
304 305 n 5.936700
305 306 o 0.000000
306 307 w 0.000000
307 439 <epsilon> 0.000000
0 308 <epsilon> 0.000000
308 309 l 5.950300
309 310 o 0.000000
310 311 o 0.000000
311 312 k 0.000000
312 439 <epsilon> 0.000000
0 313 <epsilon> 0.000000
313 314 o 5.963700
314 315 n 0.000000
315 316 l 0.000000
316 317 y 0.000000
317 439 <epsilon> 0.000000
0 318 <epsilon> 0.000000
318 319 c 5.977000
319 320 o 0.000000
320 321 m 0.000000
321 322 e 0.000000
322 439 <epsilon> 0.000000
0 323 <epsilon> 0.000000
323 324 i 5.990000
324 325 t 0.000000
325 326 s 0.000000
326 439 <epsilon> 0.000000
0 327 <epsilon> 0.000000
327 328 o 6.002900
328 329 v 0.000000
329 330 e 0.000000
330 331 r 0.000000
331 439 <epsilon> 0.000000
0 332 <epsilon> 0.000000
332 333 t 6.015700
333 334 h 0.000000
334 335 i 0.000000
335 336 n 0.000000
336 337 k 0.000000
337 439 <epsilon> 0.000000
0 338 <epsilon> 0.000000
338 339 a 6.028300
339 340 l 0.000000
340 341 s 0.000000
341 342 o 0.000000
342 439 <epsilon> 0.000000
0 343 <epsilon> 0.000000
343 344 b 6.040700
344 345 a 0.000000
345 346 c 0.000000
346 347 k 0.000000
347 439 <epsilon> 0.000000
0 348 <epsilon> 0.000000
348 349 a 6.052900
349 350 f 0.000000
350 351 t 0.000000
351 352 e 0.000000
352 353 r 0.000000
353 439 <epsilon> 0.000000
0 354 <epsilon> 0.000000
354 355 u 6.065100
355 356 s 0.000000
356 357 e 0.000000
357 439 <epsilon> 0.000000
0 358 <epsilon> 0.000000
358 359 t 6.077000
359 360 w 0.000000
360 361 o 0.000000
361 439 <epsilon> 0.000000
0 362 <epsilon> 0.000000
362 363 h 6.088900
363 364 o 0.000000
364 365 w 0.000000
365 439 <epsilon> 0.000000
0 366 <epsilon> 0.000000
366 367 o 6.100600
367 368 u 0.000000
368 369 r 0.000000
369 439 <epsilon> 0.000000
0 370 <epsilon> 0.000000
370 371 w 6.112100
371 372 o 0.000000
372 373 r 0.000000
373 374 k 0.000000
374 439 <epsilon> 0.000000
0 375 <epsilon> 0.000000
375 376 f 6.123600
376 377 i 0.000000
377 378 r 0.000000
378 379 s 0.000000
379 380 t 0.000000
380 439 <epsilon> 0.000000
0 381 <epsilon> 0.000000
381 382 w 6.134900
382 383 e 0.000000
383 384 l 0.000000
384 385 l 0.000000
385 439 <epsilon> 0.000000
0 386 <epsilon> 0.000000
386 387 w 6.146000
387 388 a 0.000000
388 389 y 0.000000
389 439 <epsilon> 0.000000
0 390 <epsilon> 0.000000
390 391 e 6.157100
391 392 v 0.000000
392 393 e 0.000000
393 394 n 0.000000
394 439 <epsilon> 0.000000
0 395 <epsilon> 0.000000
395 396 n 6.168000
396 397 e 0.000000
397 398 w 0.000000
398 439 <epsilon> 0.000000
0 399 <epsilon> 0.000000
399 400 w 6.178800
400 401 a 0.000000
401 402 n 0.000000
402 403 t 0.000000
403 439 <epsilon> 0.000000
0 404 <epsilon> 0.000000
404 405 b 6.189500
405 406 e 0.000000
406 407 c 0.000000
407 408 a 0.000000
408 409 u 0.000000
409 410 s 0.000000
410 411 e 0.000000
411 439 <epsilon> 0.000000
0 412 <epsilon> 0.000000
412 413 a 6.200100
413 414 n 0.000000
414 415 y 0.000000
415 439 <epsilon> 0.000000
0 416 <epsilon> 0.000000
416 417 t 6.210600
417 418 h 0.000000
418 419 e 0.000000
419 420 s 0.000000
420 421 e 0.000000
421 439 <epsilon> 0.000000
0 422 <epsilon> 0.000000
422 423 g 6.220900
423 424 i 0.000000
424 425 v 0.000000
425 426 e 0.000000
426 439 <epsilon> 0.000000
0 427 <epsilon> 0.000000
427 428 d 6.231200
428 429 a 0.000000
429 430 y 0.000000
430 439 <epsilon> 0.000000
0 431 <epsilon> 0.000000
431 432 m 6.241300
432 433 o 0.000000
433 434 s 0.000000
434 435 t 0.000000
435 439 <epsilon> 0.000000
0 436 <epsilon> 0.000000
436 437 u 6.251400
437 438 s 0.000000
438 439 <epsilon> 0.000000
439 0.000000
